N = 500\T = 0.9999999999999997
R = 4.4325361129861554e-20